p:09021263451
p:+2348146740332
p:+2348103644753
p:+2347038467004
p:+2348146742176
p:+2348130178299
p:+2347039814811
p:+2349032507779
p:+2347062498245
p:+2348103469644
p:+2348136885834
p:+2348106627906
p:+2348115544395
p:+2348166081535
p:+2348164897979
p:+2347034658079
p:+2348103761980
p:+2348164579811
p:+2347089400392
p:+2348038634592
p:+2348130977324
p:+2347018966685
p:+2348068528328
p:+2348182791608
p:+2348164138631
09031312435    
08173010324
p:+2348136368290
p:+2347067379297
p:+2348104729754
p:+2348168722372
p:+2348136701800
p:+2348162904530
p:+2348066596012
p:+2348080831321
p:09063933666
p:+2348066060467
p:+2348138531970
p:+2347069223626
p:+2349038568893
p:+2348169822483
p:+2348164365967
p:+23459222349
p:+23408083224738
p:+2348169012378
p:+2348166715837
p:+2348137889494
p:+2348100846781
p:+2348055956722
p:+2347056619092
p:+2348161325195
p:+2348096391545
p:08024672376
p:+2347083188519
p:+2347066995155
p:+2348108204836
p:+2348124323419
p:+2349067323104
p:+2348174936812
p:+2348100999542
p:+23407011795386
p:+2349033525085
p:08118547741
p:+2348115536972
p:+2349038822933
p:+2347034280743
p:+2347056704078
p:+2348174445750
p:+2348140417653
p:+2348103258578
p:+23408034322026
p:+2348076944769
p:+23409039169132
p:+2349033666426
p:+2349030600404
p:+2347082528105
p:+2348057591461
p:+2348131354866
p:+2347068229669
p:+2348135563531
p:+2348163271798
2347033182886
2348130491486
2349067817011
2349095751601
2348026555209
23408138539883
08147952642
2348130827604
2348100415411
08142943805
2348142807625
2348168422814
2347068919021
2348101861918
2347067008713
23408135854764
2348132462562
2349034360781
2348167451545
2348068951310
23407033215815
2348060154799
2348171058165
2348098150859
2347063750528
2349031276887
2348130528371
2348102176739
2348105675925
2348138549829
2348161206875
2348148844418
2348131061445
2348142653634
2348144388090
7038309999
8167098348
7036799038
8104697469
8145683211
7062825657
8068180654
9039667732
7064475747
8146707040
7062634158
8139110968
8145683211
8177455191
+2348157289797
Atinveris
8135088839
7061232381
8092351566
9079981636
8189331856
8030803764
7011500976
8141236371
8031137063
8103370789
8078735128
7060575576
8036039144
7068228291
8167570948
8167570948
8184604240
8164425955
7032421999
7032421999
8060668881
9038393831
8105437787
7066755451
8167710511
7033354739
7036799038
8068180654
8104697469
7064475747
8166997598
8146638592
8101877768
7033232400
9063417317
7062497832
9061648551
8066640711
7030286278
7033036646
8149817315
7069101667   
09026152683
7068739700
8102440285
8066060467
8137094071
9072957623
7081578938
7068917831
8167998157
8024265728
9039045067,
8037219375
7064499674
8162904530
8105337686
7067000188
7089554138
7012884405
8084397710
8094013830
8068941791
7054670202
8129435914
9026847592
8085723694
8127249712
8066372543
8063330306
8172646110
7065463068
8149062100
8063325392
8173814053
9022738914
9038774940
8142155361
8106950104
7062942083
7062634158
8167013434
8165739509
7065476397
7031685302
8162904530
8182429457
7030533087
8164173122
8037219375
8139110968
8109823091
8135539554
2348164897979
7030868880
7039898379
9072957632
8034003502
8105337686
8037032669
8169904520
8140095030
8184902062
8038625688
8129521147
7037141934
8034824761
9068433218
9030390883
8038619711
8161103777
8169155622
8038709589
7067000188
7067766391
7037745777
8060565721
8103955997
7089554138
7031263515
8064303875
9031778512
8037029137
8082379793
8032220099
8125332722
8136512503
8136108967
8033137539
8062976697
9034949999
7039165829
7037607384
8134192347
810131903
7032732930
8103536479
8068968516
7038980679
7065405301
7038553977
8160776994
7061805540
7037427032
7066634288
8132306669
7036430855
8069484370
9074772035
8060449668
8140230702
9063175525
7031898152
8169965472
7033873951
8064413566
8169088849
7035929375
7061805540
8133424604
8100406080
7051843791
7069798455
8160573782
8149062100
8063495385
8103938317
9068966061
8120251894
7064795401
8154346145
7069432879
8137347291
8069235440
9099702443
8167373987
8157521919
8186621740
7038720297
7062243837
8167895289
8106051901
8136359391
8066772335
7068977025
9023348678
7034952615
7036382804
8022220483
8130962939
9038224103
8135059738
8035502665
7067279041
8095169242
9026847592
7039770780
8094013830
8063239901
8136258180
8085723694
8137370891
7033039047
8181812288
8032471036
9058241423
7068140989
8064539701
8036371494
8117169403
8139110968
8036166447
7083299864
8172646110
8039111094
7060870516
9065628658
8091310863
7064462126
8067073439
8126265109
8098678044
7018956773
7066481170
7065563088
8061640691
8024258889
8134819489
8039377190
8069364845
9061188604
8033382477
8063330306
8079685867
9065065173
8036662324
7065404971
8103941408
8064772989
8063325392
8104995886
8131909029
8060530676
8064498758
8069223171
8036142334
7066174279
7032897413
8053909932
8172646110
8181437363
7086830663
8063866087
7065463152
7062634158
8106950104
8031936777
8107026771
8037620380
9072845630
7084825238
8142155361
8063963996
8037219375
7066791481
9038822933
8167013434
7062670389
8164000930
8160088033
8163113262
7064499674
7033755273
8165811237
7064613924
8033741280
806534171
7030760459
8147349145
8037741046
8135539554
8169904520
8148233054
8057758611
8068180654
8164173122
8182429457
8159347891
7030487012
8171535467
8103298013
8029378178
8023848847
8032874192
8060144663 
8103160540
8037518409
7066018337
8051389981
8108240105
8145683211
7067986195
9072957632
8164241707
8036360773
8030905553
8092408964
8169760253
7067379297
8143751692
8037351667
8061242276
8104554997
9021197868
8108995201
7030427556
8165846377
8065928904
7061935939
8140095030
7068138864
8105708218
8106351828
8162685581
9031248287
8039365590
7066747591
7032394948
7065692982
8117327513
8071772526
8166819065
8037510983
8030595087
8063603260
8161103777
8171114191
8038619711
8169064079
8064434682
9068433218
7037498552
9030390883
8069223171
8064641479
8107990972
8166307166
8034824761
7039791669
8134966767
9073327309
7036095743
8032073516
8068968516
8141717120
8061618893
8063537686
8066785850
80658176051
8068653053
7037549653
8101313903
8135758069
7089554138
8106774211
8060565721
7068774765
8103955997
8065037048
8069284112
806430387
7062670389
8136108967
8035959287
8068311234
8108560775
7036852470
7039812406
8038899718
7035523809
9031778512
8148118641
8067640001
8036806361
8101242953
7068784431
8064813581
8066022429
9020400802
8147060923
8161522660
8136512503
8174304298
7066099099
7032332250
8033137539
8068637258
7062794363
8129147808
7039198708
8062540365
8125332722
7031121059
8174241362
8167292256
8109613828
8182962913
7038578296
7037607384
7037022831
7031021688
8033405499
8103536479
7038805663
9074772035
8103370789
7030163390
9023639618
8061267361
9034949999
8132293851
8160250025
8186385804
9057264732
7060849903
8066772335
8160776994
8157289797
8134569535
7032024442
8034058510
8062354852
8095169242
7067013533
8133051977
7030616510
7033200760
8063857874
8145186117
8141725039
8138694474
7036382804
8109706341
7061869799
8167710511
8069031991
8168876002
8065447498
8062861274
8175008017
7068212181
8034228503
8170823102
8165374322
7066634288
7038083589
9068932758
8063285496
8098009020
8166992904
8060449668
8100404058
9034137480
7060892803
7060892803
8135384248
8068944246
8030716932
8106116827
8133650314
7031898152
9063175525
8157565427
8034024869
8064413566
7061624691
8071634160
7038084084
8180365980
7051843791
8032712993
7061624691
7069798455
8137310792
7065245865
7035929375
9033209000
8034635991
8100406080
8132634634
8171610852
8103882176
8101368078
7064587232
8161866508
8117734017
7036861821
8082129236
7038770522
9090975242
8063495385
7039494008
8142857729
8149062100
8107573844
8037610785
8163150338
8136352143
8167895289
8165944399
8165011691
7067668250
7032494457
7062565069
8096268418
9063993025
7060405841
9068966061
80601152243
8137347291
9068262398
8064397679
9067040308
8167373987
8163617933
8133817659
7031357591
9063991118
8132659949
9023348678
8108293222
7065183093
8074221602
8108861901
8027688118
8166300937
7062243837
8186621740
7061081875
8157521919
7067417157
8084737045
8037745647
8106051901
8067358639
7068977025
7034952615
8063014314
7031586350
8142328541
8135017680
8139111517
8127249712
7033918139
7016755204
8034256708
8066259124
7031638673
8035585813
8066192759
8033840803
8094013830
8032562051
8081970897
8106651680
7067279041
8037344666
8108875707
8135059738
8139422893
7062485416
8031957453
7031620728
8130413479
8097651905
8105275866
8182642380
8032672734
8102477992
9030917442
8101877768
7031356201
8090899936
7037597814
9032137063
7033837589
7038806600
7012884405
8060191462
7062692136
7036680229
7039770780
8094013830
8032985539
8172646110





